delta_pos [-0.0224849 -0.0020002 -0.0440628]
delta_rot [-0.33752497 -0.86624163 -0.64887816]
delta_pos [-8.600e-05  1.694e-04  1.876e-04]
delta_rot [-3.52006869e-05 -1.74055805e-03  1.68229192e-03]
delta_pos [-1.228e-04  5.950e-05  1.198e-04]
delta_rot [ 1.79476584e-05 -1.57833423e-04  5.33349747e-04]
delta_pos [-2.363e-04  1.934e-04  9.560e-05]
delta_rot [ 0.00112374 -0.00082123 -0.00024963]
delta_pos [-1.524e-04  8.150e-05  4.230e-05]
delta_rot [ 0.00223607 -0.00134589 -0.00285366]
delta_pos [-0.001315    0.0005258   0.00034237]
delta_rot [ 0.03681878  0.01997122 -0.02005507]
delta_pos [ 9.910e-05  1.137e-04 -1.342e-05]
delta_rot [ 0.00488215 -0.0088673  -0.00268291]
delta_pos [0.0001204  0.0004948  0.00022597]
delta_rot [ 0.01102545 -0.00317259 -0.01192524]
delta_pos [-3.3160e-04  9.1800e-05  2.1725e-04]
delta_rot [0.00256512 0.00751837 0.0122616 ]
delta_pos [2.891e-04 7.516e-04 9.233e-05]
delta_rot [ 0.00410762 -0.00614593 -0.01105195]
delta_pos [ 0.0005874  -0.0001807  -0.00057471]
delta_rot [-0.02943192 -0.02391186  0.02249001]
delta_pos [-6.002e-04  6.580e-04 -5.298e-05]
delta_rot [-0.00910057  0.00558288 -0.01172093]
delta_pos [-3.892e-04  3.000e-05 -2.330e-04]
delta_rot [ 0.01097055 -0.00060922 -0.00363585]
delta_pos [-0.0005659  -0.0005523  -0.00012861]
delta_rot [-0.04056123  0.00610446  0.02981949]
delta_pos [4.5510e-04 4.5900e-05 2.2267e-04]
delta_rot [-0.04136691 -0.0074696   0.01132072]
delta_pos [-1.3400e-05  6.9360e-04  1.4424e-04]
delta_rot [-0.04917627  0.00503452  0.0200731 ]
delta_pos [ 0.0006132  -0.0002631  -0.00043301]
delta_rot [-0.02451587 -0.0161103   0.02191061]
delta_pos [ 0.0009697  0.000567  -0.0001729]
delta_rot [ 0.02742476 -0.01701736 -0.02516386]
delta_pos [ 2.6900e-05 -1.2242e-03 -6.8460e-04]
delta_rot [-0.00946161 -0.01622353  0.03383407]
delta_pos [ 4.070e-05  3.900e-04 -1.504e-04]
delta_rot [-0.00560129 -0.00104635 -0.0057185 ]
delta_pos [-0.0005107  0.0010124  0.0003124]
delta_rot [ 0.01600662  0.01449616 -0.01364239]
delta_pos [-0.0006143  0.0008525  0.0003584]
delta_rot [ 0.01694184  0.01441864 -0.01456833]
delta_pos [ 0.0002474 -0.0003703 -0.0002675]
delta_rot [ 0.01478887 -0.00602311  0.00116295]
delta_pos [ 1.245e-04 -1.170e-05 -1.620e-05]
delta_rot [ 0.00289877  0.0013659  -0.00199839]
delta_pos [ 3.241e-04 -4.856e-04 -8.710e-05]
delta_rot [-0.02939546 -0.00608476  0.01635678]
delta_pos [ 0.0011206 -0.00069   -0.0002776]
delta_rot [ 0.00497074 -0.02414063  0.00147427]
delta_pos [-0.0010861  0.0007406  0.0007582]
delta_rot [ 0.02270787  0.02507857 -0.02105719]
delta_pos [-0.0013566   0.0003524   0.00042964]
delta_rot [ 0.04040827  0.02822569 -0.02588766]
delta_pos [-6.682e-04 -4.448e-04  5.817e-05]
delta_rot [ 0.01180813  0.00837078 -0.00971044]
delta_pos [-4.025e-04  4.930e-05 -2.944e-05]
delta_rot [ 0.00487099 -0.00138999 -0.00025776]
delta_pos [-0.001599    0.0013615   0.00085103]
delta_rot [ 0.05359835  0.03670521 -0.03728867]
delta_pos [-1.0800e-04 -4.5000e-06 -1.9401e-04]
delta_rot [ 0.01229653 -0.00579017 -0.00215221]
delta_pos [ 0.000281   -0.0008365  -0.00036126]
delta_rot [ 0.00294596 -0.01508807  0.01838048]
delta_pos [ 5.150e-04  3.785e-04 -6.260e-06]
delta_rot [-0.04037273 -0.00810534  0.00873246]
delta_pos [3.0000e-06 4.2930e-04 2.3699e-04]
delta_rot [ 0.01377905 -0.00077351 -0.01290191]
delta_pos [ 1.7700e-04 -3.6800e-05 -2.4224e-04]
delta_rot [ 0.00389797 -0.00781724  0.01086138]
delta_pos [-1.300e-04  3.239e-04  9.418e-05]
delta_rot [ 0.01741117  0.00497421 -0.00400452]
delta_pos [-0.000123    0.0006458   0.00015414]
delta_rot [ 0.00726565  0.00337066 -0.0083213 ]
delta_pos [-2.6300e-04  5.0800e-05 -1.3233e-04]
delta_rot [-0.00811072  0.00054061  0.00998119]
delta_pos [ 0.0014734  0.0002805 -0.0001316]
delta_rot [-0.01214328 -0.02593102 -0.00361913]
delta_pos [0.0002595  0.0005615  0.00024026]
delta_rot [-0.01167855 -0.00088589 -0.01094007]
delta_pos [ 0.000475    0.0006722  -0.00015783]
delta_rot [ 0.0392792  -0.0115261  -0.03737568]
delta_pos [-0.0011869  -0.0011509  -0.00056484]
delta_rot [-0.09393909  0.01336303  0.07563382]
delta_pos [-0.000371  -0.0002622 -0.0002057]
delta_rot [-0.01753016  0.00278919  0.01472412]
delta_pos [ 0.000152  -0.0003382 -0.0001226]
delta_rot [-0.02966772 -0.00164795  0.01992259]
delta_pos [ 1.1686e-03  8.0420e-04 -4.3000e-05]
delta_rot [-0.03227171 -0.01535721 -0.00073269]
delta_pos [0.0005722 0.0010748 0.0003725]
delta_rot [ 0.01411563 -0.00092509 -0.02717309]
delta_pos [-0.000467  -0.0003917 -0.0003768]
delta_rot [0.00433887 0.00095825 0.01730934]
delta_pos [-6.666e-04  5.484e-04 -7.910e-05]
delta_rot [0.01516205 0.00771764 0.00019022]
delta_pos [-0.0006272  0.000633  -0.000388 ]
delta_rot [0.01149034 0.00654167 0.00246338]
delta_pos [-0.000382   0.0013538 -0.0002732]
delta_rot [-0.00810717 -0.00223821  0.01620088]
delta_pos [ 0.000273   0.0012477 -0.0001077]
delta_rot [-0.00958535 -0.00485738  0.01170135]
delta_pos [0.000785  0.0020829 0.0004373]
delta_rot [-0.01653783 -0.0132257  -0.00132109]
delta_pos [0.0007804 0.0012167 0.0002257]
delta_rot [-0.00784815 -0.01621939 -0.00011043]
delta_pos [ 0.0026842 -0.0001518 -0.000483 ]
delta_rot [-0.03629913 -0.06398833  0.0151932 ]
delta_pos [-0.0041126   0.00279096  0.0010455 ]
delta_rot [ 0.06608244  0.078926   -0.0411738 ]
delta_pos [-0.001765   -0.00023668 -0.0002191 ]
delta_rot [ 0.02852736  0.00980477 -0.00899828]
delta_pos [-4.9100e-04  9.5178e-04 -8.9100e-05]
delta_rot [ 0.01543558  0.0130341  -0.00138711]
delta_pos [-0.000625    0.00124189 -0.0004409 ]
delta_rot [ 0.00287403 -0.00750467 -0.00763793]
delta_pos [-6.32000e-04  1.44635e-03  6.17000e-05]
delta_rot [ 0.01501453  0.00715125 -0.01855749]
delta_pos [-0.000679    0.00048483 -0.000115  ]
delta_rot [ 0.01934917 -0.00172015  0.00401023]
delta_pos [ 3.4000e-05  1.0534e-04 -5.4810e-04]
delta_rot [-0.0205321  -0.00466995  0.00776563]
delta_pos [ 0.000204   -0.00011536 -0.0008479 ]
delta_rot [-0.00562188 -0.00856797  0.0017108 ]
delta_pos [ 0.000122  -0.0005908 -0.0015601]
delta_rot [-0.00115853 -0.0112704   0.01042957]
delta_pos [-0.001363    0.00044205 -0.0008636 ]
delta_rot [ 0.00775335  0.01070339 -0.00508696]
delta_pos [-1.5720e-03 -7.3790e-05 -1.6517e-03]
delta_rot [ 0.00929449  0.00520902 -0.01244268]
delta_pos [-0.001321   -0.00115322 -0.0018251 ]
delta_rot [ 0.00367321 -0.00032629  0.0120052 ]
delta_pos [-0.001122   -0.00117302 -0.0014338 ]
delta_rot [-0.02620429 -0.01362057  0.03209827]